69
78
91
131
149
155
159
167
171
174
176
189
192
200
212
215
226
237
245
249
251
255
255
259
264
266
268
272
272
275
278
278
281
284
288
288
297
300
300
307
308
312
313
314
318
323
324
324
328
330
330
335
342
344
345
348
351
352
361
363
363
365
367
367
367
370
387
388
388
390
393
393
396
397
397
398
401
402
407
410
412
413
413
417
420
423
423
425
425
425
428
428
430
439
444
445
445
446
453
454
460
461
463
465
472
475
480
480
484
490
491
493
493
495
496
497
501
503
510
512
514
518
521
525
527
529
529
532
533
536
539
542
544
545
546
548
555
557
558
560
561
567
570
573
577
580
581
581
588
590
600
602
607
609
614
617
631
631
634
636
637
638
644
646
651
660
663
666
666
672
673
673
680
688
689
700
701
706
708
709
709
711
711
712
714
716
717
718
719
735
737
741
743
745
755
768
771
771
772
773
783
785
785
785
790
796
800
812
823
831
836
846
858
860
861
870
872
874
886
887
890
895
895
906
911
922
930
941
942
949
952
955
961
977
983
984
994
998
1000
1005
1020
1035
1043
1049
1055
1057
1071
1088
1089
1098
1100
1101
1108
1118
1121
1130
1137
1137
1163
1173
1176
1178
1190
1209
1225
1242
1254
1270
1270
1284
1285
1286
1291
1293
1296
1296
1315
1328
1349
1357
1372
1374
1377
1378
1384
1385
1402
1407
1423
1456
1488
1510
1534
1545
1546
1546
1548
1549
1555
1563
1566
1588
1613
1632
1636
1644
1708
1709
1726
1730
1735
1773
1796
1804
1817
1858
1858
1920
1938
1969
1982
1989
2002
2003
2031
2071
2095
2233
2244
2296
2373
2440
2550
2558
2752
2784
2814
2845
2861
2877
2935
3071
3129
3138
3142
3243
3274
3290
3307
3351
3377
3404
3440
3539
3723
3783
3894
4279
4342
4458
4546
4658
4677
4852
5007
5017
5122
5144
5325
5336
5715
5750
5974
6262
6589
6731
7016
7119
7537
8714
8856
9807
9834
10167
10792
11619
13107
15070
15242
18312
32120