1
1
1
1
1
1
1
1
1
1
1
1
1
1
1
1
1
1
1
1
1
1
1
1
1
1
1
1
1
1
1
1
1
1
1
1
1
1
1
1
1
1
1
1
1
1
1
1
1
1
1
1
1
1
1
1
1
1
1
1
1
1
1
1
1
1
1
1
1
1
1
1
1
1
1
1
1
1
1
1
1
1
1
1
1
1
1
1
1
1
1
1
1
1
1
1
1
1
1
1
1
1
1
1
1
1
1
1
1
1
1
2
2
2
2
2
2
2
2
2
2
2
2
2
2
2
2
2
2
2
2
2
2
2
2
2
2
2
2
2
2
2
2
2
2
2
2
2
2
2
2
2
2
2
2
2
2
2
2
2
2
2
2
2
2
2
2
2
2
2
2
2
2
2
2
2
2
2
2
2
2
2
2
2
2
2
2
2
2
2
2
2
2
2
2
2
3
3
3
3
3
3
3
3
3
3
3
3
3
3
3
3
3
3
3
3
3
3
3
3
3
3
3
3
3
3
3
3
3
3
3
3
3
3
3
3
3
3
3
3
3
3
3
3
3
3
3
3
3
3
4
4
4
4
4
4
4
4
4
4
4
4
4
4
4
4
4
4
4
4
4
4
4
4
4
4
4
4
4
4
4
4
4
4
4
4
4
4
4
4
5
5
5
5
5
5
5
5
5
5
5
5
5
5
5
5
5
5
5
5
5
5
5
5
5
5
5
5
5
5
5
5
5
5
5
5
5
5
5
5
5
5
5
5
5
5
5
5
5
5
5
6
6
6
6
6
6
6
6
6
6
6
6
6
6
6
6
6
6
6
6
6
6
6
6
6
6
6
6
6
6
6
6
6
6
6
6
6
6
6
6
6
6
6
6
6
6
7
7
7
7
7
7
7
7
7
7
7
7
7
7
7
7
7
7
7
7
7
7
7
7
7
7
7
7
7
7
7
7
7
7
7
7
7
7
7
7
7
7
7
7
7
7
7
7
7
8
8
8
8
8
8
8
8
8
8
8
8
8
8
8
8
8
8
8
8
8
8
8
8
8
8
8
8
8
8
8
8
8
8
8
8
8
8
8
8
8
8
8
9
9
9
9
9
9
9
9
9
9
9
9
9
9
9
9
9
9
9
9
9
9
9
9
9
9
9
9
9
9
9
9
9
9
9
9
9
9
9
9
9
9
9
9
9
9
9
9
10
10
10
10
10
10
10
10
10
10
10
10
10
10
10
10
10
10
10
10
10
10
10
10
10
10
10
10
10
10
10
10
10
10
10
10
10
10
10
10
10
10
10
10
10
10
10
10
10
10
10
10
10
10
10
10
10
10
11
11
11
11
11
11
11
11
11
11
11
11
11
11
11
11
11
11
11
11
11
11
11
11
11
11
11
11
11
11
11
11
11
11
11
11
11
11
11
11
11
11
11
11
12
12
12
12
12
12
12
12
12
12
12
12
12
12
12
12
12
12
12
12
12
12
12
12
12
12
12
12
12
12
12
12
12
12
12
12
12
12
12
12
12
12
12
12
12
12
12
12
12
12
12
13
13
13
13
13
13
13
13
13
13
13
13
13
13
13
13
13
13
13
13
13
13
13
13
13
13
13
13
13
13
13
13
13
13
13
13
13
13
13
13
13
14
14
14
14
14
14
14
14
14
14
14
14
14
14
14
14
14
14
14
14
14
14
14
14
14
14
14
14
14
14
14
14
15
15
15
15
15
15
15
15
15
15
15
15
15
15
15
15
15
15
15
15
15
15
15
15
15
15
15
15
15
15
15
15
15
15
16
16
16
16
16
16
16
16
16
16
16
16
16
16
16
16
16
16
16
16
16
16
16
16
16
16
16
16
16
16
16
16
16
16
16
16
16
16
16
16
16
16
16
16
16
17
17
17
17
17
17
17
17
17
17
17
17
17
17
17
17
17
17
17
17
17
17
17
17
17
17
17
17
17
17
17
17
17
18
18
18
18
18
18
18
18
18
18
18
18
18
18
18
18
18
18
18
18
18
18
18
18
18
18
18
18
18
18
18
18
18
18
18
18
18
18
18
18
18
18
19
19
19
19
19
19
19
19
19
19
19
19
19
19
19
19
19
19
19
19
19
19
19
19
19
19
19
19
19
19
20
20
20
20
20
20
20
20
20
20
20
20
20
20
20
20
20
20
20
20
20
20
20
20
20
20
20
20
20
20
20
20
20
20
20
20
20
20
21
21
21
21
21
21
21
21
21
21
21
21
21
21
21
21
21
21
21
21
21
21
21
21
21
21
21
21
21
21
21
21
21
21
21
21
21
21
21
21
21
21
21
21
21
21
21
22
22
22
22
22
22
22
22
22
22
22
22
22
22
22
22
22
22
22
22
22
22
22
22
22
22
22
22
22
22
22
22
22
22
22
22
22
22
22
22
22
22
22
22
23
23
23
23
23
23
23
23
23
23
23
23
23
23
23
23
23
23
23
23
23
23
23
23
23
23
23
23
23
23
23
23
23
23
23
23
23
23
24
24
24
24
24
24
24
24
24
24
24
24
24
24
24
24
24
24
24
24
24
24
24
24
24
24
24
24
24
24
24
24
24
24
24
24
24
24
24
25
25
25
25
25
25
25
25
25
25
25
25
25
25
25
25
25
25
25
25
25
25
25
25
25
25
25
25
25
25
25
25
25
25
25
25
25
25
25
25
25
25
25
25
25
26
26
26
26
26
26
26
26
26
26
26
26
26
26
26
26
26
26
26
26
26
26
26
26
26
26
26
26
26
26
26
26
26
26
26
26
26
26
26
26
26
26
26
26
26
26
26
26
26
26
26
26
26
26
27
27
27
27
27
27
27
27
27
27
27
27
27
27
27
27
27
27
27
27
27
27
27
27
27
27
27
27
27
27
27
27
27
27
27
27
27
27
27
28
28
28
28
28
28
28
28
28
28
28
28
28
28
28
28
28
28
28
28
28
28
28
28
28
28
28
28
28
28
28
28
28
28
28
28
28
28
28
28
29
29
29
29
29
29
29
29
29
29
29
29
29
29
29
29
29
29
29
29
29
29
29
29
29
29
29
29
29
29
29
29
29
29
29
29
29
29
29
29
29
29
29
29
29
29
29
29
30
30
30
30
30
30
30
30
30
30
30
30
30
30
30
30
30
30
30
30
30
30
30
30
30
30
30
30
31
31
31
31
31
31
31
31
31
31
31
31
31
31
31
31
31
31
31
31
31
31
31
31
31
31
31
31
31
31
31
31
31
31
31
31
31
31
31
31
31
32
32
32
32
32
32
32
32
32
32
32
32
32
32
32
32
32
32
32
32
32
32
32
32
32
32
32
32
32
32
32
32
32
32
32
32
32
33
33
33
33
33
33
33
33
33
33
33
33
33
33
33
33
33
33
33
33
33
33
33
33
33
33
33
33
33
33
33
33
33
33
33
33
33
34
34
34
34
34
34
34
34
34
34
34
34
34
34
34
34
34
34
34
34
34
34
34
34
34
34
34
34
34
34
34
34
34
34
34
34
34
34
35
35
35
35
35
35
35
35
35
35
35
35
35
35
35
35
35
35
35
35
35
35
35
35
35
35
35
35
35
35
35
35
35
35
35
35
35
36
36
36
36
36
36
36
36
36
36
36
36
36
36
36
36
36
36
36
36
36
36
36
36
36
36
36
36
36
36
36
36
36
36
36
36
36
36
36
37
37
37
37
37
37
37
37
37
37
37
37
37
37
37
37
37
37
37
37
37
37
37
37
37
37
37
37
37
37
37
37
37
37
37
37
37
37
37
37
38
38
38
38
38
38
38
38
38
38
38
38
38
38
38
38
38
38
38
38
38
38
38
38
38
38
38
38
38
38
39
39
39
39
39
39
39
39
39
39
39
39
39
39
39
39
39
39
39
39
39
39
39
39
39
39
39
39
39
39
39
39
39
39
39
40
40
40
40
40
40
40
40
40
40
40
40
40
40
40
40
40
40
40
40
40
40
40
40
40
40
40
40
40
40
40
40
40
40
40
40
40
40
41
41
41
41
41
41
41
41
41
41
41
41
41
41
41
41
41
41
41
41
41
41
41
41
41
41
41
41
41
41
42
42
42
42
42
42
42
42
42
42
42
42
42
42
42
42
42
42
42
42
42
42
42
42
42
42
42
42
42
42
42
42
42
42
42
42
42
42
43
43
43
43
43
43
43
43
43
43
43
43
43
43
43
43
43
43
43
43
43
43
43
43
43
43
43
43
44
44
44
44
44
44
44
44
44
44
44
44
44
44
44
44
44
44
44
44
44
44
44
44
44
44
44
44
44
44
44
44
45
45
45
45
45
45
45
45
45
45
45
45
45
45
45
45
45
45
45
45
45
45
45
45
45
45
45
45
45
45
46
46
46
46
46
46
46
46
46
46
46
46
46
46
46
46
46
46
46
46
46
46
46
47
47
47
47
47
47
47
47
47
47
47
47
47
47
47
47
47
47
47
47
47
47
47
47
48
48
48
48
48
48
48
48
48
48
48
48
48
48
48
48
48
48
48
48
48
48
48
48
48
48
48
48
48
48
48
49
49
49
49
49
49
49
49
49
49
49
49
49
49
49
49
49
49
49
49
49
49
49
50
50
50
50
50
50
50
50
50
50
50
50
50
50
50
50
50
50
50
50
50
50
50
50
50
50
50
50
50
50
50
50
51
51
51
51
51
51
51
51
51
51
51
51
51
51
51
51
51
51
51
51
51
51
51
51
52
52
52
52
52
52
52
52
52
52
52
52
52
52
52
52
52
52
52
52
52
52
52
52
52
52
52
52
52
52
52
52
52
53
53
53
53
53
53
53
53
53
53
53
53
53
53
53
53
53
53
53
53
53
53
53
53
53
53
53
54
54
54
54
54
54
54
54
54
54
54
54
54
54
54
54
54
54
54
54
54
54
54
54
54
54
54
54
54
54
54
54
55
55
55
55
55
55
55
55
55
55
55
55
55
55
55
55
55
55
55
55
56
56
56
56
56
56
56
56
56
56
56
56
56
56
56
56
56
56
56
56
56
56
56
56
56
57
57
57
57
57
57
57
57
57
57
57
57
57
57
57
57
57
57
57
57
57
57
57
57
57
57
58
58
58
58
58
58
58
58
58
58
58
58
58
58
58
58
58
58
58
58
58
58
58
59
59
59
59
59
59
59
59
59
59
59
59
59
59
59
59
59
60
60
60
60
60
60
60
60
60
60
60
60
60
60
60
60
60
60
60
60
60
60
60
60
60
60
60
60
60
61
61
61
61
61
61
61
61
61
61
61
61
61
61
61
61
61
61
61
61
61
61
61
61
61
61
61
61
61
61
62
62
62
62
62
62
62
62
62
62
62
62
62
62
62
62
62
62
62
62
62
63
63
63
63
63
63
63
63
63
63
63
63
63
63
63
63
63
63
63
63
63
63
63
63
63
63
63
63
63
64
64
64
64
64
64
64
64
64
64
64
64
64
64
64
64
64
64
64
64
64
64
64
65
65
65
65
65
65
65
65
65
65
65
65
65
65
65
65
65
65
65
65
65
65
65
65
65
65
65
65
65
65
65
65
65
65
66
66
66
66
66
66
66
66
66
66
66
66
66
66
66
66
66
66
66
66
66
66
66
66
66
66
67
67
67
67
67
67
67
67
67
67
67
67
67
67
67
67
67
67
68
68
68
68
68
68
68
68
68
68
68
68
68
68
68
68
68
68
68
68
69
69
69
69
69
69
69
69
69
69
69
69
69
69
69
69
69
69
69
69
69
69
69
69
70
70
70
70
70
70
70
70
70
70
70
70
70
70
70
70
70
70
70
70
70
70
70
70
70
70
70
70
70
70
70
71
71
71
71
71
71
71
71
71
71
71
71
71
71
71
71
71
71
71
71
71
72
72
72
72
72
72
72
72
72
72
72
72
72
72
72
72
72
72
72
72
72
72
72
72
72
72
72
72
72
72
73
73
73
73
73
73
73
73
73
73
73
73
73
73
73
73
73
73
73
73
73
73
74
74
74
74
74
74
74
74
74
74
74
74
74
74
74
74
74
74
75
75
75
75
75
75
75
75
75
75
75
75
75
76
76
76
76
76
76
76
76
76
76
76
76
76
76
76
76
76
76
76
76
77
77
77
77
77
77
77
77
77
77
77
77
77
77
77
77
77
77
77
77
77
77
78
78
78
78
78
78
78
78
78
78
78
78
78
78
78
78
78
78
78
79
79
79
79
79
79
79
79
79
79
79
79
79
79
79
79
79
79
79
79
79
79
79
79
80
80
80
80
80
80
80
80
80
80
80
80
80
80
80
80
80
80
80
80
81
81
81
81
81
81
81
81
81
81
81
81
81
81
81
81
81
81
81
81
82
82
82
82
82
82
82
82
82
82
82
82
82
82
82
82
82
82
83
83
83
83
83
83
83
83
83
83
83
83
83
83
83
84
84
84
84
84
84
84
84
84
84
84
84
84
84
84
84
84
84
84
84
84
84
84
84
84
84
85
85
85
85
85
85
85
85
85
85
85
85
85
85
85
85
85
85
85
85
85
85
86
86
86
86
86
86
86
86
86
86
86
86
87
87
87
87
87
87
87
87
87
87
87
87
87
88
88
88
88
88
88
88
88
88
88
88
88
88
88
88
88
89
89
89
89
89
89
89
89
89
89
89
89
89
89
90
90
90
90
90
90
90
90
90
90
90
90
90
90
90
90
90
90
90
90
90
90
90
91
91
91
91
91
91
91
91
91
91
91
91
91
91
91
91
91
91
91
91
92
92
92
92
92
92
92
92
92
92
92
92
92
93
93
93
93
93
93
93
93
93
93
93
93
93
93
93
94
94
94
94
94
94
94
94
94
94
94
94
94
94
94
95
95
95
95
95
95
95
95
95
95
95
95
95
95
95
96
96
96
96
96
96
96
96
96
96
96
96
96
96
97
97
97
97
97
97
97
97
97
97
97
97
97
97
97
97
98
98
98
98
98
98
98
98
98
98
98
98
98
98
98
98
98
99
99
99
99
99
99
99
99
99
99
99
99
99
99
99
99
99
99
99
99
100
100
100
100
100
100
100
100
100
100
100
100
100
100
100
100
100
100
100
100
101
101
101
101
101
101
101
101
101
101
101
101
101
101
101
101
101
101
101
101
101
101
102
102
102
102
102
102
102
102
102
102
102
102
102
102
102
102
102
102
102
102
102
103
103
103
103
103
103
103
103
103
103
103
103
104
104
104
104
104
104
104
104
104
104
105
105
105
105
105
105
105
105
105
105
105
106
106
106
106
106
106
106
106
106
106
106
106
106
106
106
106
106
107
107
107
107
107
107
107
107
107
107
107
108
108
108
108
108
108
108
108
108
108
108
109
109
109
109
109
109
109
109
109
110
110
110
110
110
110
110
110
110
110
110
110
110
111
111
111
111
111
111
111
111
111
111
111
111
111
112
112
112
112
112
112
112
112
112
112
112
112
112
112
113
113
113
113
113
113
113
113
113
113
113
113
113
113
114
114
114
114
114
114
114
114
114
115
115
115
115
115
115
115
115
115
115
115
115
115
116
116
116
116
116
116
116
116
116
116
116
117
117
117
117
117
117
117
117
117
117
117
117
117
117
117
117
118
118
118
118
118
118
119
119
119
119
119
119
120
120
120
120
120
120
120
120
120
120
120
120
120
120
120
120
120
121
121
121
121
121
121
121
121
121
121
121
121
121
121
121
121
121
121
121
122
122
122
122
122
122
122
122
122
122
122
122
122
122
122
122
122
122
123
123
123
123
123
123
123
123
123
123
123
124
124
124
124
124
124
124
124
124
124
124
124
124
124
124
124
124
125
125
125
125
125
125
125
125
125
125
125
125
125
126
126
126
126
126
126
126
126
126
126
126
126
127
127
127
127
127
127
127
128
128
128
128
128
128
128
128
129
129
129
129
129
129
129
129
129
129
129
129
129
129
130
130
130
130
130
130
130
130
130
130
130
130
130
131
131
131
131
131
131
132
132
132
132
132
132
132
132
132
132
132
132
133
133
133
133
133
133
133
133
133
134
134
134
134
134
134
134
134
134
134
134
134
134
134
135
135
135
135
135
135
135
136
136
136
136
136
136
136
136
137
137
137
137
137
137
137
137
137
137
137
137
137
137
137
138
138
138
138
138
138
138
138
138
138
138
138
138
139
139
139
139
139
139
139
139
139
139
139
139
140
140
140
140
140
140
140
140
140
141
141
141
141
141
141
141
141
141
141
141
142
142
142
142
142
142
142
142
142
142
142
142
142
142
143
143
143
143
143
143
143
143
144
144
144
144
144
144
144
144
144
144
144
144
144
145
145
145
145
145
145
145
145
146
146
146
146
146
146
146
146
146
146
147
147
147
147
147
147
147
147
147
147
147
147
147
148
148
148
148
148
148
148
149
149
149
149
149
149
149
149
150
150
150
150
150
150
150
150
150
151
151
151
151
151
151
151
151
151
151
151
151
152
152
152
152
152
152
153
153
153
153
153
153
154
154
154
154
154
154
154
154
154
154
155
155
155
155
155
155
155
156
156
156
156
156
156
157
157
157
157
157
157
158
158
158
158
158
159
159
159
159
159
160
160
160
160
160
160
160
160
160
160
161
161
161
161
161
161
161
162
162
162
162
162
162
162
162
162
163
163
163
163
163
163
164
164
164
164
164
165
165
165
165
165
165
165
165
165
166
166
166
166
166
166
166
166
166
166
166
166
166
166
167
167
167
167
167
167
167
167
167
167
167
167
167
167
167
167
167
168
168
168
168
168
168
168
168
168
168
169
169
169
169
169
169
169
169
169
169
170
170
170
170
170
171
171
171
171
171
171
171
171
172
172
172
172
172
172
172
172
173
173
173
173
173
173
173
173
174
174
174
174
175
175
175
175
175
175
175
176
176
176
176
176
176
176
176
176
176
176
176
177
177
177
177
177
178
178
178
178
178
178
179
179
179
179
179
179
179
179
179
179
179
179
180
180
180
180
180
180
180
180
180
180
180
180
180
181
181
181
182
182
182
182
182
182
182
182
182
183
183
183
183
183
183
183
183
183
183
183
183
183
183
184
184
184
184
184
184
184
184
184
184
184
184
185
185
185
185
185
186
186
186
186
186
186
186
186
186
186
187
187
187
187
188
188
188
188
188
188
189
189
189
189
189
189
189
189
190
190
190
190
190
190
190
190
190
190
190
190
191
191
191
191
191
191
191
191
191
192
192
192
192
192
192
192
192
192
192
193
193
193
193
193
193
194
194
194
194
194
194
194
194
195
195
195
195
195
196
196
196
196
196
196
196
196
196
197
197
197
197
197
197
197
197
197
198
198
198
199
199
199
199
199
199
200
200
200
200
200
200
201
201
201
201
201
201
201
201
202
202
202
202
203
203
203
203
203
204
204
204
204
204
204
204
204
204
205
205
205
205
205
205
205
206
207
207
207
207
207
207
207
207
207
207
207
207
208
208
208
208
208
209
209
209
209
209
209
210
210
210
210
211
211
211
211
211
211
211
212
212
212
212
212
212
213
213
213
213
213
213
214
214
214
214
214
214
214
214
214
214
215
215
215
215
215
215
216
216
216
216
216
217
217
217
217
217
217
217
217
218
218
218
219
219
219
219
219
219
219
219
219
220
220
220
220
220
220
221
221
221
221
222
222
222
222
222
223
223
223
223
223
223
223
223
223
223
224
224
224
224
224
224
225
225
225
225
225
225
225
225
225
225
226
226
226
226
226
226
227
227
227
227
227
227
227
227
227
228
228
228
228
228
229
229
229
229
229
229
229
229
229
229
230
230
230
230
230
230
230
231
231
231
232
232
232
232
232
233
233
233
233
233
233
233
234
234
234
235
235
235
235
235
235
235
236
236
236
236
236
237
237
237
237
237
237
237
238
238
238
238
238
239
239
239
239
239
239
239
239
240
240
240
240
240
241
241
242
242
242
242
242
242
243
243
243
243
243
244
244
244
244
244
244
244
244
244
244
245
245
245
246
246
246
246
246
246
246
247
247
247
247
247
247
247
247
248
248
248
248
248
248
249
249
249
249
249
249
249
249
250
250
250
250
250
250
250
250
251
251
251
251
251
252
252
252
252
253
253
253
254
254
254
254
254
254
254
255
255
255
255
255
255
255
256
256
256
257
257
257
257
257
257
258
258
258
259
259
259
259
259
259
260
260
260
260
260
260
260
260
261
261
261
261
262
262
262
262
263
263
264
264
264
264
265
265
265
266
266
266
266
266
266
266
267
267
267
267
267
267
267
268
268
268
268
268
268
268
268
269
269
269
269
269
269
270
270
270
270
270
270
270
271
271
272
272
272
272
272
273
273
273
273
273
273
273
273
273
274
275
275
275
275
275
276
276
276
276
277
277
277
277
278
278
278
278
278
279
279
279
280
280
280
280
280
280
280
280
281
281
281
281
282
282
283
283
283
283
283
283
283
283
283
283
283
283
283
284
284
285
285
285
285
286
286
286
287
287
287
287
288
288
289
289
289
289
289
290
290
290
291
291
291
291
291
291
292
292
292
293
293
293
293
293
293
294
294
295
295
295
295
295
295
296
296
296
296
296
296
296
297
297
297
298
298
298
298
299
299
299
299
299
300
300
300
300
300
301
301
301
301
301
301
301
301
302
302
302
302
303
303
303
303
303
303
303
303
303
304
304
304
304
305
305
305
305
305
305
306
306
306
306
306
306
306
307
307
307
307
307
307
307
307
307
307
308
308
308
309
309
309
309
309
309
310
311
311
312
312
312
313
313
313
314
314
314
314
314
315
315
315
315
315
315
315
315
315
316
316
316
316
317
317
317
317
317
317
318
318
318
318
319
319
319
319
320
321
321
321
322
323
323
323
323
323
323
324
324
324
325
325
325
325
325
325
326
326
327
327
327
328
328
328
328
328
329
329
329
329
330
330
330
330
331
331
331
331
331
331
331
331
331
331
331
332
332
333
334
334
334
334
334
334
335
336
336
336
336
336
336
336
337
337
337
337
337
337
337
337
337
338
338
338
339
339
339
339
339
339
340
340
340
340
340
341
342
342
343
343
343
344
344
344
344
345
345
345
345
345
346
346
346
346
346
346
346
347
347
348
348
348
348
349
350
350
350
350
350
350
350
352
352
352
352
352
352
353
353
353
353
354
354
354
354
354
355
355
355
356
356
357
357
357
358
358
358
359
359
360
360
360
360
361
361
361
362
362
362
362
362
364
364
364
364
365
365
365
365
366
366
367
367
367
368
368
368
368
369
369
369
370
370
370
370
370
370
370
371
371
371
371
372
372
372
372
372
373
373
373
373
373
373
373
374
374
375
375
375
375
376
376
376
377
378
378
378
379
379
379
379
379
380
380
381
381
381
381
381
382
382
382
383
383
383
384
385
385
385
385
385
385
385
386
386
386
386
386
388
388
388
389
389
390
390
390
390
391
391
391
391
391
391
392
392
393
393
393
393
394
394
395
396
396
396
396
396
398
398
399
399
399
399
399
400
400
401
401
401
401
402
402
402
402
402
403
403
403
403
403
403
404
404
404
404
404
404
404
404
404
405
405
405
405
405
405
405
406
406
407
407
408
408
408
409
409
409
409
410
410
411
411
411
411
412
412
413
413
414
414
414
414
414
415
415
415
415
415
416
416
416
416
416
417
417
417
418
418
418
418
419
420
420
420
421
421
421
422
422
423
423
423
423
423
423
424
425
425
426
427
427
427
428
428
428
428
429
429
429
429
430
430
430
430
431
431
431
431
431
432
432
432
432
432
432
433
434
434
435
435
435
435
435
435
436
437
437
437
437
437
438
438
439
439
439
439
440
440
442
443
443
443
443
444
444
444
445
445
445
446
447
447
448
448
449
449
450
450
450
451
451
453
454
455
456
456
457
457
457
458
458
459
459
459
460
460
460
460
460
461
461
461
463
464
464
464
464
465
466
466
467
467
468
468
468
469
469
470
470
471
472
472
472
473
474
474
474
474
474
475
475
475
476
476
477
477
477
478
478
479
479
479
480
481
481
482
483
483
484
484
484
484
485
485
485
485
486
486
486
487
487
487
488
488
488
488
489
489
490
490
491
491
491
491
492
492
493
493
494
494
495
495
497
497
497
498
498
499
500
500
500
500
500
500
500
500
500
500
501
501
503
504
504
505
505
506
507
507
508
508
509
509
509
509
510
510
510
510
511
511
511
512
513
513
513
513
514
514
515
515
515
518
519
519
519
519
520
520
520
520
520
521
521
522
522
522
523
523
525
526
526
527
527
527
528
528
529
529
529
530
530
530
530
531
531
531
532
532
533
534
534
534
535
536
536
537
537
538
540
540
540
540
540
542
542
542
543
544
544
545
545
547
547
547
548
549
549
550
550
550
550
552
552
553
554
554
554
555
555
555
555
555
556
556
556
556
557
557
557
557
558
559
559
559
559
560
561
561
562
562
563
563
564
564
565
565
565
565
566
567
567
567
567
568
568
569
569
570
571
571
572
573
573
573
573
574
574
575
575
576
576
576
577
577
577
577
578
578
579
579
579
579
579
580
581
582
582
582
583
583
583
584
586
586
586
587
587
587
587
590
591
591
591
591
593
593
594
594
595
596
596
597
597
598
598
598
598
599
600
600
600
603
603
603
604
604
605
605
606
607
608
608
609
610
610
610
611
611
611
612
612
613
614
614
614
615
616
616
616
616
617
619
621
621
622
623
623
624
625
626
626
627
627
627
629
629
629
629
629
629
629
630
631
631
631
632
632
633
634
635
636
638
639
639
640
640
641
641
642
644
644
644
645
646
647
648
648
650
650
650
651
652
652
653
653
654
654
654
655
655
655
656
656
656
657
657
659
660
661
661
662
662
663
664
664
665
665
665
665
665
666
666
666
666
666
667
668
669
669
672
672
674
674
674
675
675
675
677
678
678
680
680
680
681
682
682
682
683
683
684
684
685
685
686
687
687
687
690
690
690
691
693
694
694
695
695
696
697
698
698
701
701
701
701
702
702
702
703
704
704
705
705
705
706
706
706
707
707
708
708
709
709
710
710
710
711
712
713
713
714
714
714
714
714
714
717
719
720
720
720
720
721
721
723
723
723
724
724
726
728
729
729
730
731
731
732
733
733
734
734
735
735
735
738
738
739
741
741
741
741
742
742
742
742
742
744
744
745
745
747
749
749
750
750
751
751
752
753
755
757
758
758
758
758
761
761
762
763
763
764
765
765
767
767
768
771
772
773
774
774
774
774
775
777
778
781
781
782
784
787
788
789
789
791
791
791
792
793
793
793
794
794
797
797
797
798
798
800
802
803
804
808
808
809
810
810
811
812
813
813
813
813
815
815
815
817
817
818
818
819
819
822
822
825
825
825
825
828
828
832
833
834
835
835
836
837
837
838
838
839
839
839
839
839
840
840
841
842
842
843
843
844
844
845
846
848
849
854
854
856
857
858
858
858
860
861
864
865
866
867
867
868
868
868
868
869
869
870
870
870
870
871
871
873
873
874
875
875
875
876
879
879
879
880
883
883
884
885
886
886
886
887
890
894
895
898
899
899
902
902
902
903
904
905
905
906
908
908
908
908
908
909
909
910
912
912
914
914
915
915
915
917
917
918
918
920
922
922
924
925
926
926
928
929
930
932
932
933
933
934
934
936
936
937
938
938
938
939
940
940
941
941
942
943
943
945
946
946
946
948
949
949
950
951
952
952
953
954
954
958
959
960
962
963
964
964
965
966
967
967
970
971
972
972
972
973
974
975
975
976
976
977
979
979
981
981
983
983
986
986
987
989
989
989
989
991
993
994
995
997
999
1001
1001
1002
1002
1003
1005
1006
1008
1008
1009
1009
1010
1014
1017
1017
1020
1020
1021
1023
1023
1023
1025
1026
1026
1027
1028
1031
1032
1032
1035
1036
1037
1038
1040
1040
1041
1042
1043
1043
1043
1045
1046
1046
1047
1051
1053
1053
1054
1054
1055
1055
1059
1059
1060
1061
1062
1063
1064
1065
1068
1068
1069
1070
1071
1074
1074
1075
1075
1076
1076
1078
1080
1080
1080
1082
1084
1086
1087
1089
1091
1092
1096
1096
1096
1097
1099
1102
1102
1103
1105
1107
1108
1108
1108
1111
1112
1112
1114
1117
1118
1119
1123
1123
1132
1132
1135
1136
1137
1137
1138
1139
1141
1144
1145
1146
1147
1149
1150
1152
1155
1156
1157
1158
1158
1160
1161
1161
1162
1163
1165
1166
1167
1168
1169
1169
1170
1170
1172
1173
1173
1175
1176
1177
1179
1179
1179
1181
1182
1183
1183
1184
1185
1186
1186
1187
1189
1190
1190
1195
1197
1198
1198
1198
1200
1200
1201
1201
1202
1203
1203
1205
1207
1210
1211
1211
1212
1215
1215
1217
1219
1220
1221
1221
1222
1222
1225
1226
1226
1227
1229
1230
1231
1231
1233
1234
1235
1240
1245
1246
1246
1247
1247
1250
1251
1255
1257
1259
1260
1261
1263
1264
1264
1266
1268
1269
1273
1273
1276
1280
1281
1285
1285
1286
1287
1290
1291
1291
1292
1294
1295
1296
1298
1299
1303
1307
1312
1314
1314
1315
1316
1317
1319
1321
1324
1328
1329
1330
1341
1341
1342
1343
1343
1343
1345
1347
1348
1350
1352
1352
1353
1356
1357
1366
1369
1370
1372
1375
1377
1378
1380
1382
1383
1384
1385
1387
1390
1392
1395
1398
1404
1406
1406
1408
1408
1408
1410
1410
1412
1413
1413
1415
1416
1416
1418
1418
1419
1421
1423
1432
1432
1433
1433
1435
1437
1438
1439
1439
1443
1443
1447
1451
1451
1452
1453
1453
1454
1454
1456
1457
1458
1460
1460
1460
1461
1464
1469
1471
1473
1473
1476
1476
1478
1479
1480
1480
1483
1487
1488
1488
1494
1498
1499
1503
1505
1513
1513
1515
1516
1517
1518
1518
1519
1519
1521
1522
1528
1530
1530
1533
1536
1536
1536
1539
1543
1543
1548
1549
1552
1554
1554
1555
1555
1556
1562
1568
1569
1572
1577
1578
1579
1580
1580
1583
1584
1589
1589
1593
1594
1594
1595
1596
1597
1597
1598
1599
1600
1601
1602
1603
1603
1607
1615
1617
1617
1619
1621
1624
1624
1626
1631
1631
1631
1633
1635
1635
1640
1641
1641
1641
1643
1647
1648
1657
1665
1669
1670
1677
1679
1681
1682
1683
1683
1687
1687
1691
1694
1694
1694
1696
1696
1699
1701
1701
1702
1704
1705
1707
1708
1709
1713
1714
1714
1714
1717
1718
1721
1723
1724
1725
1732
1734
1734
1737
1738
1739
1741
1742
1743
1752
1753
1756
1761
1766
1767
1768
1770
1772
1776
1776
1777
1777
1778
1781
1782
1783
1783
1788
1789
1789
1790
1790
1792
1797
1797
1799
1799
1799
1799
1802
1805
1809
1816
1819
1825
1826
1829
1829
1831
1834
1835
1837
1837
1839
1840
1843
1843
1854
1857
1863
1868
1870
1880
1881
1884
1884
1886
1886
1888
1889
1890
1894
1899
1900
1901
1904
1905
1908
1910
1914
1915
1922
1924
1927
1928
1937
1944
1946
1948
1953
1954
1961
1961
1965
1965
1966
1968
1969
1969
1970
1973
1976
1978
1978
1978
1979
1981
1988
1989
1991
1995
1996
1997
1999
2011
2014
2016
2017
2024
2024
2024
2028
2030
2041
2043
2044
2044
2044
2044
2047
2051
2053
2056
2063
2065
2073
2075
2076
2076
2086
2089
2094
2096
2105
2107
2108
2110
2111
2114
2119
2120
2121
2121
2127
2128
2130
2133
2136
2140
2141
2151
2151
2153
2153
2157
2159
2163
2164
2171
2172
2176
2178
2179
2180
2180
2183
2203
2205
2208
2210
2214
2216
2219
2228
2232
2235
2243
2246
2247
2251
2253
2253
2255
2258
2258
2259
2263
2264
2267
2267
2270
2281
2282
2289
2291
2295
2295
2297
2298
2301
2305
2308
2314
2315
2317
2321
2327
2327
2328
2330
2330
2331
2340
2341
2341
2341
2348
2355
2358
2359
2360
2368
2369
2372
2379
2390
2391
2392
2393
2394
2396
2396
2401
2402
2408
2412
2413
2419
2419
2420
2420
2421
2421
2428
2431
2432
2432
2433
2436
2438
2439
2442
2447
2449
2453
2457
2462
2464
2470
2470
2472
2475
2476
2477
2485
2493
2496
2499
2501
2501
2508
2510
2511
2515
2521
2528
2528
2531
2532
2544
2545
2546
2551
2558
2558
2562
2566
2568
2571
2571
2571
2573
2581
2594
2598
2614
2616
2618
2620
2620
2631
2635
2638
2645
2645
2646
2649
2652
2657
2664
2665
2670
2673
2678
2683
2696
2699
2701
2702
2704
2705
2706
2713
2716
2720
2721
2721
2721
2728
2728
2734
2738
2738
2744
2745
2748
2749
2755
2756
2765
2772
2778
2784
2785
2798
2810
2812
2812
2816
2817
2834
2846
2873
2879
2884
2893
2906
2906
2908
2915
2916
2916
2919
2928
2929
2930
2931
2931
2933
2935
2935
2937
2937
2938
2949
2951
2953
2953
2955
2956
2958
2958
2961
2961
2974
2975
2978
2983
2983
2984
2989
2998
3002
3006
3006
3008
3010
3018
3018
3020
3022
3031
3035
3037
3041
3043
3044
3050
3052
3065
3072
3073
3094
3103
3104
3109
3110
3114
3117
3120
3132
3137
3138
3150
3154
3162
3162
3167
3179
3179
3183
3189
3190
3193
3201
3205
3207
3208
3221
3225
3229
3232
3235
3236
3240
3248
3257
3267
3283
3286
3289
3299
3305
3306
3311
3315
3322
3327
3339
3340
3344
3354
3356
3356
3361
3363
3364
3365
3368
3379
3382
3382
3398
3399
3404
3406
3406
3412
3412
3413
3415
3418
3438
3438
3449
3454
3455
3466
3471
3479
3484
3489
3510
3515
3518
3525
3532
3532
3537
3575
3577
3578
3595
3595
3609
3612
3613
3627
3627
3632
3636
3641
3644
3655
3660
3667
3678
3683
3687
3692
3698
3700
3701
3702
3703
3716
3718
3721
3726
3751
3752
3757
3758
3761
3781
3794
3794
3795
3800
3804
3805
3822
3836
3844
3849
3849
3855
3871
3883
3886
3888
3907
3912
3915
3923
3924
3951
3952
3961
3963
3969
3971
3971
3974
3977
4004
4004
4006
4015
4034
4035
4052
4057
4058
4062
4070
4076
4077
4081
4105
4109
4110
4119
4120
4125
4153
4155
4155
4156
4157
4160
4162
4165
4165
4171
4174
4190
4202
4207
4212
4214
4216
4217
4220
4222
4227
4241
4248
4260
4263
4272
4274
4296
4306
4311
4311
4316
4316
4334
4343
4355
4356
4379
4415
4415
4422
4424
4438
4439
4443
4443
4444
4449
4459
4463
4473
4481
4483
4484
4486
4498
4507
4508
4533
4535
4557
4558
4585
4585
4589
4594
4594
4599
4607
4613
4625
4626
4627
4629
4651
4655
4659
4680
4708
4709
4713
4718
4735
4737
4754
4765
4766
4782
4787
4802
4817
4819
4846
4850
4852
4852
4857
4870
4874
4889
4891
4894
4912
4932
4937
4942
4942
4962
4966
4972
4981
4995
5001
5014
5037
5044
5051
5068
5073
5083
5084
5099
5117
5130
5167
5171
5188
5190
5190
5192
5199
5205
5209
5209
5211
5212
5227
5232
5236
5255
5272
5276
5281
5281
5289
5291
5292
5296
5299
5307
5315
5315
5324
5348
5355
5360
5378
5402
5417
5424
5432
5442
5468
5472
5486
5494
5519
5531
5531
5549
5555
5557
5558
5569
5574
5599
5661
5704
5705
5708
5718
5724
5740
5754
5759
5763
5783
5784
5788
5792
5826
5834
5835
5856
5923
5923
5933
5949
5957
5974
5977
5980
5984
5992
5999
6004
6044
6051
6103
6118
6120
6138
6140
6143
6151
6161
6166
6175
6177
6186
6205
6223
6234
6253
6278
6292
6300
6333
6337
6344
6348
6350
6364
6373
6424
6483
6511
6512
6526
6543
6544
6545
6560
6567
6575
6583
6597
6601
6603
6606
6624
6627
6654
6678
6692
6693
6711
6723
6725
6746
6754
6764
6781
6788
6818
6827
6829
6834
6846
6852
6853
6863
6872
6878
6903
6904
6934
6951
6957
6958
6982
7007
7031
7037
7038
7042
7047
7052
7071
7077
7078
7085
7112
7119
7134
7138
7158
7167
7176
7190
7201
7207
7229
7262
7267
7281
7290
7313
7375
7379
7389
7396
7431
7454
7472
7485
7513
7528
7533
7536
7546
7641
7647
7653
7653
7653
7696
7706
7706
7715
7745
7755
7764
7767
7771
7797
7802
7804
7822
7828
7839
7849
7874
7916
7920
7927
7956
7964
7976
8009
8017
8085
8096
8118
8136
8137
8182
8183
8193
8263
8275
8288
8309
8360
8364
8384
8455
8479
8542
8544
8571
8579
8608
8620
8640
8659
8697
8700
8748
8761
8771
8781
8796
8804
8817
8874
8923
8943
8956
8974
8976
8989
9010
9046
9053
9060
9101
9125
9154
9184
9199
9212
9212
9222
9255
9273
9296
9306
9313
9330
9384
9418
9426
9429
9447
9467
9476
9510
9601
9601
9604
9639
9641
9646
9650
9679
9683
9692
9706
9728
9794
9800
9807
9816
9828
9855
9886
9906
9937
9952
9992
10003
10030
10183
10194
10194
10199
10235
10266
10304
10326
10333
10366
10378
10382
10393
10394
10398
10429
10435
10457
10491
10538
10569
10615
10679
10775
10785
10803
10829
10965
10981
11121
11127
11146
11189
11189
11193
11243
11295
11341
11356
11431
11482
11486
11549
11559
11612
11636
11752
11792
11796
11826
11866
11889
11937
11946
11954
12012
12030
12085
12140
12140
12160
12194
12194
12218
12231
12235
12263
12363
12385
12439
12442
12448
12495
12518
12540
12545
12692
12700
12701
12714
12724
12730
12730
12809
12900
12917
13046
13067
13069
13087
13096
13115
13116
13116
13161
13174
13192
13231
13238
13289
13350
13405
13446
13473
13532
13534
13551
13556
13712
13942
14010
14070
14100
14135
14177
14258
14259
14284
14324
14431
14433
14499
14546
14561
14564
14589
14661
14736
14745
14845
14869
14898
14976
14979
14985
14989
15010
15050
15106
15106
15191
15243
15261
15315
15470
15548
15571
15658
15680
15683
15749
15767
15779
15847
15930
15941
15950
16051
16078
16102
16108
16112
16126
16127
16160
16226
16314
16395
16429
16437
16512
16612
16677
16723
16773
16838
16886
16944
17016
17059
17062
17070
17203
17250
17262
17296
17302
17331
17370
17498
17651
17737
17752
17766
18070
18073
18140
18160
18247
18466
18522
18592
18614
18710
18723
18723
18862
18970
18989
19227
19244
19361
19499
19594
19729
19786
19835
19955
20061
20097
20239
20264
20393
20413
20428
20618
20684
20802
20895
20895
20916
20942
21066
21071
21082
21127
21220
21271
21378
21543
21731
21731
21787
21798
21939
21976
21993
22051
22203
22276
22580
22632
22660
22673
22745
22880
22982
23047
23128
23153
23300
23490
23638
23754
23768
23895
23928
23934
24035
24278
24303
24361
24664
24737
24912
24970
24975
25232
25375
25498
25623
25719
25722
25773
25775
25785
25834
25901
26170
26237
26288
26536
26932
27039
27063
27429
27463
27616
27801
28024
28028
28163
28228
28556
28717
28921
29120
29268
29789
29829
29916
29993
30094
30298
30542
30864
30875
30981
31371
31641
31776
32186
32309
32329
32375
32422
32801
33059
33142
33146
33427
33455
33482
33670
33740
33876
33945
34145
34441
34611
35357
35591
35599
36275
36299
36843
37132
37249
38538
38689
38971
39243
40022
40485
40648
41006
42094
42109
42318
43047
43047
43871
43883
44370
45013
45621
46542
47220
47469
47664
47782
48152
48432
48523
48581
48740
49187
49629
50689
50751
52437
53672
53728
54708
54771
55911
55947
57898
58035
59800
60248
61538
61596
62319
63182
64770
64788
65049
66419
66696
67383
67393
68519
68583
69234
73380
73662
75256
75350
76419
78410
83225
89672
90162
92287
92457
94911
96237
98207
99167
99178
102238
103090
103304
111850
117735
119202
146481
154076
155019
155372
178788
183834