1
1
1
1
1
1
1
2
2
2
2
2
3
3
3
3
3
3
4
4
4
4
4
4
4
4
4
5
5
5
5
5
5
5
5
5
6
6
6
6
6
6
6
6
6
7
7
7
7
7
7
7
7
7
7
7
7
8
8
8
8
8
8
8
8
8
9
9
9
9
9
9
9
9
9
9
9
9
9
9
10
10
10
10
10
10
10
10
10
10
10
10
10
11
11
11
11
11
11
11
11
11
11
11
11
11
11
11
11
11
11
11
12
12
12
12
12
12
12
12
13
13
13
13
13
13
13
13
13
14
14
14
14
14
14
14
14
15
15
15
15
15
15
15
16
16
16
16
16
16
16
16
16
16
17
17
17
17
17
17
17
17
17
17
17
18
18
18
18
18
18
18
18
18
19
19
19
19
19
19
19
19
20
20
20
20
20
20
20
20
21
21
21
21
21
21
21
21
21
21
21
21
21
22
22
22
22
22
22
22
23
23
23
23
23
23
23
23
24
24
24
24
25
25
25
25
25
25
25
25
26
26
26
26
26
27
27
27
27
27
27
28
28
28
28
28
28
28
29
29
29
29
29
29
29
29
29
29
29
30
30
30
30
30
30
30
30
30
30
30
30
30
30
31
31
31
31
31
31
32
32
32
32
32
32
32
32
32
32
33
33
33
33
33
33
33
33
34
34
34
34
34
34
34
34
34
34
34
35
35
35
35
35
35
35
35
35
35
35
36
36
36
36
36
36
36
36
36
36
36
36
37
37
37
37
37
37
37
37
37
37
37
37
37
37
38
38
38
38
38
38
39
39
39
39
40
40
40
40
40
40
40
40
40
41
41
41
41
41
41
41
41
41
41
41
42
42
42
42
42
42
42
42
42
42
43
43
43
43
43
43
43
43
43
44
44
44
44
44
44
44
44
44
44
44
45
45
45
45
45
45
45
45
45
45
45
46
46
46
46
46
46
46
46
46
46
46
46
47
47
47
47
47
47
48
48
48
48
48
48
48
49
49
49
49
49
49
49
49
49
49
49
49
50
50
50
50
50
50
50
51
51
51
51
51
51
51
51
51
52
52
52
52
52
52
52
52
52
52
52
52
52
52
53
53
53
53
53
53
53
53
53
54
54
54
54
54
54
54
54
54
55
55
55
56
56
56
56
56
56
56
56
56
56
57
57
57
57
57
57
57
57
57
57
57
58
58
58
58
59
59
59
59
59
59
59
59
59
59
60
60
60
60
60
60
61
61
61
61
61
61
61
61
61
61
61
61
62
62
62
62
62
62
62
62
62
62
62
62
62
62
63
63
63
63
63
63
63
63
63
64
64
64
64
64
64
64
64
64
64
65
65
65
65
65
65
66
66
66
66
66
66
66
66
66
67
67
67
67
67
67
67
67
67
67
67
67
68
68
68
68
68
68
68
68
68
68
68
69
69
69
69
69
69
69
69
69
69
69
69
69
69
69
70
70
70
70
70
70
70
70
70
70
70
70
70
70
70
71
71
71
71
71
71
71
71
71
72
72
72
72
72
72
73
73
73
73
73
73
73
73
73
73
73
74
74
74
74
74
74
74
74
74
74
74
74
74
74
75
75
75
75
75
75
75
75
75
76
76
76
76
76
76
76
76
77
77
77
77
77
77
77
77
77
77
77
77
77
77
77
77
78
78
78
78
78
78
78
79
79
79
79
79
79
80
80
80
80
80
80
80
80
80
80
80
80
80
80
80
81
81
81
81
81
81
81
81
81
81
81
81
81
82
82
82
82
82
82
82
82
83
83
83
83
83
83
83
83
83
83
83
83
83
83
83
83
83
83
84
84
84
84
84
84
84
84
84
84
84
85
85
85
85
85
85
85
85
85
85
86
86
86
86
87
87
87
87
87
87
87
87
87
87
87
87
87
87
87
88
88
88
88
88
88
88
88
88
89
89
89
89
89
89
89
89
89
89
89
89
89
89
90
90
90
90
90
90
90
90
90
90
90
91
91
91
91
91
91
91
92
92
92
92
92
92
93
93
93
93
93
93
93
93
93
93
93
93
94
94
94
94
94
94
94
94
94
95
95
95
95
95
95
95
95
95
95
95
95
96
96
96
96
96
96
96
96
96
96
96
96
96
97
97
97
97
97
97
97
97
97
97
98
98
98
98
98
98
98
98
98
98
98
98
98
98
98
98
98
98
99
99
99
99
99
99
99
99
100
100
100
100
100
100
100
100
100
100
100
100
101
101
101
101
101
101
101
101
101
102
102
102
102
102
102
102
102
103
103
103
103
103
104
104
104
104
104
104
104
104
104
104
105
105
105
105
105
105
105
105
106
106
106
106
106
106
106
106
106
106
106
106
106
106
107
107
107
107
107
107
107
107
107
107
107
108
108
108
108
108
108
108
108
108
108
108
108
108
109
109
109
109
109
109
109
109
109
109
109
109
110
110
110
110
110
110
110
110
110
110
110
110
111
111
111
111
111
111
111
111
111
112
112
112
112
112
112
112
112
112
112
112
112
112
112
112
113
113
113
113
113
113
113
113
113
113
113
113
113
113
114
114
114
114
114
114
114
114
115
115
115
115
115
115
115
115
115
115
116
116
116
116
116
116
116
116
116
116
116
116
116
116
116
116
117
117
117
117
117
117
117
117
117
117
118
118
118
118
118
118
118
118
118
118
118
118
119
119
119
119
119
119
119
119
119
119
119
120
120
120
120
120
120
120
120
120
120
120
120
121
121
121
121
121
121
121
121
121
121
122
122
122
122
122
122
122
122
123
123
123
123
123
123
123
123
123
123
123
124
124
124
124
124
125
125
125
125
125
125
125
125
125
125
125
126
126
126
126
126
126
126
126
126
126
126
126
126
126
127
127
127
128
128
128
128
128
128
128
128
128
128
128
128
128
128
129
129
129
129
129
129
129
130
130
130
130
130
130
130
130
130
130
130
130
130
131
131
131
131
131
131
131
132
132
132
132
132
132
132
133
133
133
133
133
133
133
133
133
133
134
134
134
134
134
134
134
134
134
135
135
135
135
135
135
135
135
136
136
136
136
136
136
136
136
137
137
137
137
137
137
137
137
137
137
137
137
138
138
138
138
138
138
138
138
139
139
139
139
139
139
140
140
140
140
140
140
140
140
141
141
141
141
141
141
141
141
141
141
141
141
142
142
142
142
142
142
142
142
142
143
143
143
143
143
143
143
144
144
144
144
144
144
144
144
144
145
145
145
145
145
145
145
145
146
146
146
146
146
146
146
146
146
146
146
146
147
147
147
147
147
147
147
147
147
147
147
148
148
148
148
148
148
148
149
149
149
149
149
149
149
150
150
150
150
150
150
150
150
150
150
151
151
151
151
151
151
151
151
151
151
151
152
152
152
152
152
152
152
152
152
153
153
153
153
153
153
153
153
153
153
153
153
153
154
154
154
154
154
154
154
154
154
154
154
155
155
155
155
155
155
155
155
155
156
156
156
156
156
156
156
156
157
157
157
157
158
158
158
158
158
158
158
158
158
158
159
159
159
159
159
159
159
159
159
159
160
160
160
160
161
161
161
161
161
161
161
161
162
162
162
162
162
162
163
163
163
163
163
163
163
163
163
163
163
163
163
163
164
164
164
164
164
164
164
164
164
164
164
164
165
165
165
165
165
165
165
165
165
165
166
166
166
166
166
166
167
167
167
167
167
167
167
167
167
167
167
167
167
168
168
168
168
168
168
168
169
169
169
169
170
170
170
170
170
170
170
170
170
170
171
171
171
171
171
171
171
171
171
172
172
172
172
172
172
172
172
172
172
172
173
173
173
173
173
173
173
174
174
174
174
174
174
174
174
174
174
175
175
175
175
175
175
175
175
176
176
176
176
176
176
176
176
176
176
176
176
176
177
177
177
177
177
177
177
178
178
178
178
178
178
178
178
178
178
178
178
178
178
179
179
179
179
180
180
180
180
180
180
180
181
181
181
181
181
182
182
182
182
182
182
182
183
183
183
183
183
183
183
183
184
184
184
184
184
184
184
184
184
185
185
185
185
185
185
185
186
186
186
186
186
186
187
187
187
187
187
187
187
187
187
187
187
187
188
188
188
188
188
189
189
189
189
190
190
190
190
190
190
190
190
190
190
190
191
191
191
191
191
191
192
192
192
192
192
192
192
192
193
193
193
193
193
193
194
194
194
194
194
194
194
194
194
194
195
195
195
195
195
195
195
195
195
195
196
196
196
196
196
196
196
196
196
197
197
197
197
197
197
197
197
197
198
198
198
198
198
198
198
198
198
198
198
198
199
199
199
199
199
200
200
200
200
200
201
201
201
201
201
201
201
201
202
202
202
202
202
203
203
203
203
203
203
203
204
204
204
204
205
205
205
205
205
205
205
205
205
205
206
206
206
206
206
206
206
207
207
207
207
208
208
208
208
208
208
208
209
209
209
209
210
210
210
210
210
210
210
210
211
211
211
211
211
211
212
212
212
212
212
212
212
212
212
213
213
213
213
213
213
214
214
214
214
214
214
215
215
215
215
215
215
215
216
216
216
216
216
216
217
217
217
217
217
217
217
217
217
217
217
218
218
218
218
218
218
218
218
219
219
219
219
219
220
220
220
220
220
220
220
220
221
221
221
221
221
221
222
222
222
222
222
222
222
222
223
223
223
223
223
223
223
223
223
224
224
224
224
224
224
225
225
225
225
225
225
225
225
225
225
226
226
226
226
226
227
227
227
227
227
227
227
228
228
228
228
228
228
228
228
228
229
229
229
229
229
229
229
229
229
229
230
230
230
230
231
231
231
232
232
232
232
233
233
233
234
234
234
234
234
234
234
234
235
235
235
235
235
235
235
235
236
236
236
236
236
237
237
237
237
237
237
237
238
238
238
238
238
238
238
238
238
238
238
239
239
239
240
240
240
240
240
240
241
241
241
241
242
242
242
242
242
243
243
243
243
243
243
244
244
244
244
244
245
245
245
245
245
245
245
245
245
246
246
246
246
246
246
246
246
246
246
246
247
247
247
247
248
248
248
248
248
248
248
249
249
249
249
249
249
250
250
250
250
250
250
250
250
250
250
251
251
251
251
251
251
251
251
251
251
252
252
252
252
252
252
252
252
252
253
253
253
253
254
254
254
254
254
254
254
254
255
255
255
255
255
255
255
256
256
256
256
256
256
256
257
257
257
257
258
258
258
258
258
259
259
259
259
259
260
260
260
260
260
260
260
260
261
261
261
261
261
261
261
261
261
261
262
262
262
262
262
262
263
263
263
264
264
264
264
264
264
264
264
264
264
265
265
265
266
266
266
266
266
266
266
266
266
266
267
267
267
268
268
268
268
268
269
269
269
269
269
269
269
270
270
270
271
271
271
272
272
272
272
272
273
273
273
273
273
274
274
274
274
274
275
275
276
276
276
276
276
276
277
277
277
277
277
278
278
278
278
278
278
278
279
279
279
279
279
279
279
280
280
280
280
280
280
280
280
281
281
281
281
282
282
282
283
283
283
283
283
283
284
284
284
285
285
285
285
285
285
285
285
285
286
286
286
286
286
287
288
288
288
288
288
288
288
289
289
289
290
290
290
290
291
291
291
292
292
292
292
293
293
293
294
294
294
294
294
294
295
295
295
295
295
295
296
297
297
297
297
297
297
297
297
298
298
298
298
299
299
299
299
299
299
299
300
300
300
300
300
300
300
300
300
300
301
301
301
302
302
302
303
303
303
303
303
304
304
304
304
304
304
304
304
305
305
305
305
306
306
306
306
306
306
306
306
307
307
307
307
308
308
308
308
308
308
309
309
309
309
309
309
309
309
310
310
311
312
312
312
312
313
313
313
314
314
314
315
315
315
315
315
315
315
315
316
316
316
316
317
317
317
317
317
318
318
318
318
318
319
319
319
319
319
319
319
319
320
320
320
320
320
321
321
321
321
321
321
321
322
322
322
323
323
323
323
324
324
324
324
324
325
325
325
325
326
326
327
327
327
328
328
328
328
328
329
329
329
329
330
330
330
330
331
331
332
332
332
333
333
333
333
333
333
334
334
334
334
334
334
335
335
335
335
335
335
335
335
336
336
336
336
336
336
336
337
337
337
338
338
338
338
338
338
339
339
339
339
340
340
341
341
341
342
343
343
344
344
344
345
345
345
345
345
345
345
346
346
346
346
347
347
348
349
349
349
349
349
349
349
350
350
350
350
350
350
350
350
351
351
352
352
352
353
353
354
354
354
355
355
355
355
356
356
356
356
356
356
357
357
357
358
358
358
359
359
360
360
360
360
360
360
360
361
361
361
362
363
363
363
364
364
365
365
365
365
365
365
366
366
366
366
366
367
367
367
367
367
367
368
369
369
369
370
370
370
371
371
372
372
372
372
372
372
373
373
374
374
374
374
375
375
375
376
376
376
376
376
376
377
378
379
379
380
380
380
380
380
380
381
381
381
382
382
382
383
383
383
383
384
384
384
384
384
384
384
384
385
385
385
386
386
386
386
386
386
386
387
387
387
387
387
388
388
388
388
389
389
389
389
389
389
389
390
390
390
391
391
392
392
392
392
392
393
393
393
393
393
393
393
394
394
394
394
395
396
396
396
397
397
397
399
399
400
400
400
400
400
400
402
402
403
403
403
404
404
404
405
405
405
406
407
407
408
408
408
408
408
409
409
409
409
410
410
410
410
410
411
411
411
411
412
412
412
413
413
413
414
414
416
416
417
417
417
417
417
418
418
418
419
419
419
419
420
420
421
421
422
422
423
423
423
423
423
424
424
425
426
426
427
428
428
429
429
429
430
430
431
431
431
431
432
432
432
432
432
433
433
434
434
435
436
437
437
437
437
437
438
438
438
438
439
439
440
440
440
441
441
442
442
442
442
442
442
443
443
443
445
445
445
445
445
445
445
446
446
446
447
447
448
448
448
448
449
449
450
450
450
451
451
451
451
452
452
452
453
453
453
453
453
454
454
454
456
456
457
457
457
457
457
457
458
459
459
460
460
460
461
461
462
462
462
462
462
462
462
463
463
463
463
463
464
464
464
465
465
465
466
466
466
467
467
467
468
468
469
469
469
470
470
470
471
471
471
471
472
472
472
473
475
475
475
477
477
478
478
478
479
479
480
480
480
481
481
482
482
483
484
484
484
484
484
485
485
486
486
486
486
487
487
487
488
488
489
489
489
490
490
490
490
490
491
491
491
491
492
492
492
495
495
495
495
496
496
496
496
496
497
497
497
497
497
498
500
500
501
501
502
502
502
502
503
503
503
503
503
504
504
504
505
505
505
505
506
506
506
507
508
510
510
511
512
512
512
512
513
513
513
513
513
513
514
514
515
515
516
517
517
517
517
517
517
518
518
519
519
520
521
522
522
522
522
522
522
524
524
524
526
526
527
528
528
529
529
529
530
530
531
531
531
531
531
532
532
533
533
534
534
535
535
535
535
535
535
535
536
536
537
537
537
538
539
539
539
540
541
542
543
543
544
544
545
546
546
546
546
546
547
547
547
548
548
549
550
550
551
551
551
551
552
552
553
554
555
555
556
556
556
556
557
558
558
558
559
559
559
560
560
562
562
562
563
563
564
564
565
565
566
566
566
567
567
569
569
569
569
569
569
570
570
570
571
571
571
571
572
573
573
573
573
573
573
575
575
575
576
577
577
578
579
579
579
580
580
580
580
582
582
583
583
583
584
584
585
585
585
586
586
587
587
589
589
589
590
590
590
591
591
593
594
595
595
596
596
597
598
598
599
601
601
601
602
602
602
603
603
604
604
604
605
606
606
606
607
607
608
609
610
611
611
612
612
613
613
613
614
615
615
618
620
620
620
620
621
621
622
623
623
624
626
626
627
628
629
631
632
632
632
633
634
635
636
636
636
637
637
637
638
639
639
642
644
645
645
646
648
649
649
649
649
650
650
650
651
651
652
652
652
653
653
654
655
656
656
657
657
657
657
658
658
658
658
659
659
661
661
663
663
665
665
667
668
668
669
670
670
674
674
674
674
675
675
676
677
677
679
680
681
681
682
682
683
683
684
684
685
685
686
686
688
688
690
692
692
693
695
695
695
696
697
697
697
698
699
700
700
701
701
701
701
702
702
703
705
705
705
705
705
706
707
707
708
708
708
709
709
709
710
710
712
714
715
716
716
716
716
717
717
718
719
720
720
722
722
724
724
725
725
726
727
727
728
729
730
730
730
730
731
731
731
732
733
733
734
735
735
736
737
738
741
741
742
742
742
743
746
748
748
749
750
750
750
751
755
755
757
757
759
760
760
760
762
762
763
765
767
767
767
768
770
771
771
771
772
773
773
774
775
776
777
778
779
779
782
783
784
784
784
785
785
787
787
791
792
793
793
794
795
797
799
801
802
802
804
804
807
807
807
808
809
810
811
812
812
814
814
814
815
817
818
818
820
820
821
822
823
824
826
827
828
830
830
831
833
834
834
835
835
835
836
836
837
837
839
839
841
841
842
843
843
843
845
846
849
851
851
852
852
853
854
854
855
860
860
860
861
862
863
864
865
865
867
869
871
872
873
876
876
878
880
881
881
882
883
883
883
886
888
888
888
888
889
889
890
890
892
892
894
895
898
899
903
903
903
903
904
905
907
907
907
908
912
913
913
915
916
917
919
920
921
922
923
924
925
928
930
932
932
933
934
936
936
937
938
939
940
942
943
943
945
945
946
947
947
948
951
953
954
955
962
962
966
970
970
971
976
979
979
979
980
982
983
985
985
985
986
987
989
990
990
991
991
994
995
995
1003
1006
1006
1007
1007
1011
1012
1013
1015
1015
1016
1017
1018
1021
1022
1023
1023
1026
1026
1026
1028
1030
1033
1033
1036
1036
1037
1043
1043
1044
1045
1045
1050
1050
1055
1055
1057
1057
1060
1061
1063
1065
1067
1067
1069
1072
1073
1075
1077
1078
1080
1082
1083
1084
1085
1085
1087
1087
1088
1088
1090
1091
1094
1097
1101
1104
1104
1105
1105
1105
1108
1108
1111
1112
1117
1120
1121
1124
1125
1127
1129
1130
1131
1131
1132
1134
1134
1135
1136
1138
1140
1140
1140
1142
1142
1144
1145
1146
1146
1147
1148
1151
1151
1151
1152
1153
1160
1161
1166
1167
1167
1168
1171
1173
1175
1176
1177
1177
1178
1179
1179
1179
1180
1180
1182
1184
1191
1192
1196
1197
1197
1197
1198
1200
1202
1202
1206
1207
1208
1208
1209
1210
1211
1212
1212
1214
1216
1216
1220
1222
1222
1226
1226
1228
1231
1242
1243
1246
1248
1249
1251
1252
1252
1254
1256
1258
1259
1263
1264
1265
1265
1266
1268
1270
1272
1274
1275
1280
1283
1283
1284
1285
1291
1292
1292
1292
1296
1302
1307
1309
1313
1313
1314
1314
1316
1316
1317
1319
1325
1325
1326
1328
1329
1338
1339
1343
1344
1345
1349
1350
1355
1357
1357
1357
1358
1360
1368
1370
1370
1370
1374
1378
1383
1383
1389
1390
1398
1398
1400
1405
1407
1408
1411
1413
1414
1416
1418
1425
1426
1427
1432
1436
1438
1438
1451
1455
1460
1460
1461
1463
1464
1466
1468
1470
1470
1477
1481
1483
1484
1492
1493
1496
1498
1500
1502
1504
1505
1505
1507
1507
1510
1511
1517
1518
1520
1521
1521
1522
1523
1523
1529
1530
1530
1530
1531
1533
1535
1543
1545
1546
1547
1548
1549
1561
1569
1569
1576
1584
1592
1593
1594
1594
1594
1599
1607
1609
1613
1614
1623
1624
1625
1625
1627
1630
1633
1638
1638
1641
1645
1646
1648
1648
1658
1663
1663
1664
1666
1666
1676
1676
1679
1680
1692
1701
1707
1707
1713
1714
1716
1723
1728
1730
1733
1738
1743
1750
1754
1756
1757
1764
1769
1770
1771
1774
1779
1787
1790
1795
1805
1808
1812
1821
1838
1840
1846
1847
1852
1854
1854
1864
1867
1872
1884
1887
1895
1900
1901
1904
1904
1905
1913
1917
1917
1926
1931
1937
1942
1946
1947
1947
1948
1954
1956
1959
1962
1981
1995
1996
2011
2016
2022
2040
2043
2046
2060
2061
2063
2064
2078
2082
2085
2095
2095
2096
2097
2098
2103
2111
2117
2118
2120
2126
2148
2158
2164
2170
2176
2198
2202
2205
2207
2207
2213
2220
2221
2234
2241
2247
2248
2252
2259
2268
2269
2272
2277
2293
2294
2295
2299
2304
2318
2351
2353
2358
2361
2363
2365
2367
2383
2390
2393
2396
2404
2417
2424
2428
2428
2428
2435
2441
2447
2450
2452
2452
2453
2454
2455
2457
2460
2480
2482
2485
2486
2495
2497
2506
2522
2527
2537
2539
2547
2550
2570
2578
2586
2592
2593
2598
2604
2608
2615
2626
2627
2628
2655
2656
2665
2665
2680
2694
2711
2723
2730
2742
2756
2757
2759
2761
2772
2779
2810
2827
2827
2844
2852
2876
2878
2880
2882
2892
2901
2907
2911
2927
2937
2937
2942
2944
2971
2971
2974
3042
3046
3046
3052
3072
3098
3106
3107
3113
3114
3118
3126
3139
3140
3143
3158
3161
3173
3176
3180
3183
3201
3213
3224
3239
3248
3249
3263
3269
3281
3281
3334
3338
3363
3368
3376
3397
3398
3400
3403
3431
3441
3455
3457
3477
3479
3482
3505
3525
3544
3565
3573
3576
3587
3588
3604
3615
3619
3642
3681
3685
3704
3739
3804
3811
3862
3906
3924
3930
3951
3973
3999
4115
4118
4127
4149
4195
4252
4288
4310
4315
4319
4352
4357
4362
4383
4478
4483
4504
4534
4539
4580
4651
4674
4679
4722
4746
4808
4822
4838
4855
4908
4908
4928
4951
4966
4975
5005
5010
5016
5049
5063
5108
5140
5155
5158
5169
5243
5319
5420
5450
5484
5577
5613
5624
5629
5641
5653
5667
5669
5684
5722
5730
5736
5793
5840
5841
5974
6081
6184
6197
6212
6231
6239
6338
6378
6387
6486
6534
6623
6626
6700
6704
6726
6798
6803
6841
6909
7042
7215
7240
7265
7407
7433
7506
7563
7596
7621
7733
8003
8029
8034
8086
8138
8197
8213
8254
8278
8459
8477
8634
8716
8904
8910
9040
9200
9314
9337
9504
9664
9668
9753
9770
9833
9951
10211
10273
10759
10952
11017
11104
11184
11202
11362
11597
12083
12122
12251
12305
13348
13394
13477
13570
13759
13895
14600
14908
15328
15567
15618
15698
15834
16192
17333
17488
17852
18151
18277
18721
21514
22262
24189
26122
26434
26438
26985
27171
28501
28625
29628
30124
30833
43287
47276
71291
74031
76807
105204
